200 8

-0.56003 0.08715966 1.721475 0.2952711 0.01505205 0.2543554 0.2294424 -0.5998524
-0.725044 -1.136738 0.3951489 0.396621 -0.8886623 2.539309 1.418834 0.3436144
1.224121 -1.917841 0.3238309 -2.203085 -0.9291708 -0.8575013 1.048629 1.236713
0.392395 -1.013283 -0.928939 1.434932 -0.5239491 0.4311132 -0.5298474 -0.4073741
-0.8564397 -0.7557728 -0.5941479 -0.5547443 0.04732882 -1.228226 0.1318525 0.8104009
-1.101957 -0.575662 0.663258 1.061460 -0.05126793 0.9050627 -0.3163493 2.033130
0.3579226 -0.8287776 -1.670043 0.1518448 -0.444041 -0.005481995 -1.102244 1.249522
-0.3808058 -0.867218 0.7450052 -0.6217945 0.3525989 -0.6791375 -1.762617 -1.756714
-0.3529308 0.5590526 -1.304216 -0.02088038 0.4928864 -1.645624 -0.8071568 1.210757
-0.2408635 0.3330731 0.2323609 0.4613693 -0.1903846 0.3373445 -0.2197232 -1.340424
-0.5578182 -0.5664875 0.4229538 -1.201204 -0.974428 0.6494282 1.262629 -1.436904
-1.654614 1.57319 0.3874291 0.91159 0.6365084 -0.7742825 1.7625 0.6477529
1.305524 -1.439862 1.062469 -0.4053137 0.3353757 0.3824871 -0.6409289 0.6981398
0.706295 -0.1610915 -0.4228344 -1.313726 -1.4579 -2.087078 -0.1623028 -0.4526442
0.3162312 0.3367532 -0.2380219 0.1928298 1.619587 -0.3127714 0.07957172 0.2943888
-0.3578391 -1.926337 2.198303 -0.06766228 -1.699601 0.7813631 0.5879338 -1.207971
1.199048 -0.2482982 -2.033829 -0.5251063 0.06031171 1.434669 -1.501472 0.1574954
-0.5150914 -0.9877266 1.890917 -0.3606299 0.778246 0.631955 2.048565 -0.3017711
-1.417924 0.04966713 0.298037 -0.1946738 0.3822391 -0.2126913 0.5685776 -0.6658474
-0.6079119 -1.552369 -0.09138809 2.237652 -2.424147 0.4276672 -0.4643898 -0.7974347
-1.938780 -0.2109476 -0.07995295 -1.143844 0.2345723 -1.092062 0.402445 1.503207
-0.3139489 0.1597398 -1.330318 2.905723 -1.412252 -1.627341 -0.4170272 -0.6094231
0.9468896 -0.4501156 -0.631554 1.186713 0.2737384 -0.84245 0.8326623 -0.9720767
-0.7804176 0.4186434 0.4661452 -0.6556424 0.6350508 -0.6528079 0.3960515 -0.5717661
0.4486761 -0.250729 1.228538 0.6923956 3.00076 0.3875555 1.209165 0.4775389
-0.451034 -0.009310027 -0.702841 -1.687750 -2.399781 0.3276468 0.8082659 1.218905
-0.07662178 -1.145722 -0.2308681 -0.2511952 1.080369 -1.021632 1.231587 0.2118546
1.038468 0.09284923 -0.3030894 0.4331701 -0.2632193 -0.4821943 -0.5792687 1.324903
0.1215607 -1.411692 0.3785966 -0.9816247 0.2554353 0.456481 -1.021731 -0.4515672
1.643414 1.975018 -2.287648 -0.01995440 -1.038416 0.7277097 -0.7406237 -0.02981729
-0.9092831 0.4696559 -0.2829415 -0.2690393 -0.479854 -0.6033656 -1.925719 -1.141719
0.1445196 -0.09376279 -0.5431026 0.7564123 -0.4341710 0.8732917 -0.8644614 0.5413342
-0.932722 1.039257 -1.561714 1.579411 0.6589427 -1.522343 -0.6407534 -0.9476607
1.013378 -0.7349679 0.4247071 -0.2105921 0.2000033 0.4075625 1.484575 0.1937351
-1.393572 -1.037311 -0.8145204 -0.8727005 0.2872855 0.02050874 1.036197 -0.3337159
-0.9024661 -1.042461 -0.9535124 0.4061834 -0.301368 1.994955 -1.268552 -0.4184344
0.4149448 -1.083820 -1.444180 1.909149 -2.019786 0.7054139 -0.7772344 -0.6098117
-1.084362 -0.8944357 -0.7181448 -1.936314 0.6142886 -0.08691079 -0.1123891 -0.7988688
-0.500501 0.4639392 1.214224 0.97123 -1.078122 0.5001861 -0.594598 0.3508665
0.9782078 1.001570 2.556401 -0.3961281 1.052748 1.194447 1.261787 0.7903701
0.2756937 -0.2467222 0.9297934 1.203076 0.1046255 -0.4773625 1.133787 -0.3905575
0.1171058 1.345641 1.919215 0.771417 0.01157599 1.208548 -0.1309607 0.1820096
0.2041254 0.2017246 1.231927 -1.515222 -1.689909 1.778817 -0.4784432 -1.101182
-0.747523 1.176638 -0.4132541 1.440161 -0.9261773 0.4944512 0.4297838 -1.522866
2.272132 0.02120855 -0.1435140 0.006105592 -1.353252 2.644115 0.1571944 -1.048987
0.0827917 0.893093 1.442948 0.661315 -0.4560418 0.4966642 0.2841822 -1.533619
-0.003512138 1.211571 -0.03789236 0.882336 -0.02481179 -1.048577 -0.5494114 0.3631255
0.09774792 -1.570628 -1.501763 0.5684827 0.5645865 0.8162851 1.589748 -0.2690359
-2.644305 -1.263329 -0.6954248 0.7507527 0.1541877 0.3604075 -1.879495 1.227611
-0.2666626 -1.683175 0.3223005 -0.2216736 1.435573 -0.969683 0.04401613 -1.069461
1.252974 0.1477006 0.1023977 -0.4239513 -0.2370289 0.1003842 0.1238747 -1.021794
0.4058037 0.8221169 0.2994161 0.6724883 0.3186548 0.03489051 0.8659762 -0.440185
-0.5598164 -0.4059752 -2.4988 -0.5978375 0.1572197 -0.9946565 -0.3433307 1.121395
-1.090738 -0.9396923 1.251624 -0.131857 0.5507512 1.186336 0.7328315 -0.3110193
1.105700 -0.3406941 -0.1447170 1.455599 0.8246432 1.109297 0.7701669 1.444042
0.8419785 0.8832856 0.8049753 -1.213512 0.1598752 -0.7730052 -0.9708695 -2.142774
0.1606768 -0.1949034 -0.2573149 1.370047 -0.760401 -0.1078313 -0.4733724 -0.3636233
0.3418247 0.6904821 -1.182500 -1.197881 0.5682008 -0.5152061 0.01756339 1.834728
-0.2576319 -1.138098 -0.1581261 -0.537029 -0.3568212 -0.7270102 2.171323 1.232550
0.3416842 0.2257205 -1.428425 1.043355 0.2784353 -0.588496 0.3138576 -0.4935638
-1.201928 0.6488864 -1.821109 0.5450791 -0.3495743 -0.5834992 -0.3596602 1.363395
1.806929 0.6597483 -0.1317639 -1.257214 1.356912 0.7504673 -0.02824627 0.2978115
-0.04507384 -0.7562132 0.688394 -0.7598374 0.6675875 -0.3140255 1.103292 -0.1397090
-0.01578016 -0.5987316 -0.8167213 1.020053 -0.4177964 -0.710419 -0.04571527 0.1350402
-0.04983087 -0.4433129 0.956226 1.399726 -0.7214676 -0.7730485 0.1256322 -0.2793539
-0.02904454 0.3640536 -1.105397 -0.6753628 -0.3581784 -0.4164249 0.1804653 0.704523
-0.9127168 -0.5634174 -2.422087 -0.7093329 -0.622752 -0.4749912 0.2665895 -0.2793676
0.6697866 -0.6654173 -0.8552843 0.1423606 -0.199618 -0.2525727 -0.6980901 -0.2352815
0.09306806 -0.2764366 -0.2916046 0.009543444 -0.8296006 1.989365 -1.606112 0.08472423
0.1219910 2.298126 -0.9989807 1.340738 -0.6595892 0.9604178 -0.5425083 1.173070
-0.5409672 0.1779741 0.472852 -0.05358694 0.9089547 -1.52695 0.6725302 1.211834
0.1452999 0.5553221 -1.52003 -2.731341 1.504441 0.7012706 0.9824365 -0.7040108
0.1682363 -0.7387029 1.604220 0.01164103 0.2829096 0.2230903 -0.2736963 0.7847774
1.910095 1.468275 -1.105080 -1.024564 -0.387534 -2.577145 0.4294021 -0.5395388
-0.01626987 0.8785166 0.9917149 0.7828959 0.1443519 -0.7512158 0.4974647 -0.497459
-1.377557 0.990064 2.688855 -0.6974037 0.5994044 -1.744146 0.4725196 -0.7184742
0.1036204 1.481334 -1.593638 2.119964 -0.03543183 0.4769816 1.785880 -0.1985
-0.5449952 0.5543478 -0.2126297 1.281891 0.563315 -0.2738681 -0.02782167 -0.1086499
-1.404655 0.8397455 0.9771287 2.314279 0.0617844 0.5490703 -1.378557 -1.237594
0.4671239 0.1693657 0.09022093 0.2976862 -1.326787 -0.2038297 2.386629 0.4615063
0.597095 -0.53878 0.6135782 0.1903927 0.1449253 -1.318450 0.006988935 -0.3652458
-0.03284315 -1.09338 0.3636776 1.795961 -0.009393425 0.9531615 1.06086 0.9210394
0.07019285 0.7089465 -0.1636288 1.153245 -0.2093615 2.416976 -0.6236119 -1.639989
0.1083534 1.498044 0.4331594 0.056105 0.8480911 0.3194339 -0.2592953 -0.8786094
-0.3468186 -0.09572923 1.533323 -0.8283387 0.6866318 -0.47595 0.2475985 0.7023625
0.7100702 1.224682 0.6219902 0.9038645 -0.2231862 0.3506651 -0.6955448 -0.03352357
1.514188 -0.5802049 -0.07058045 0.6707534 0.8324677 1.286717 0.1390919 1.091574
-0.1559687 -0.8658582 0.4258069 0.8646185 0.5105513 1.248435 -0.9112231 -0.5387254
0.1036069 -0.1304435 -1.203919 -1.086782 1.149340 -1.192919 -0.2182318 -1.226520
-0.2299469 -0.07347554 0.3791845 0.6661662 -0.685095 1.032151 -0.1012870 -0.06829742
-0.8857073 -0.2290291 -0.6898676 0.3654915 -0.2659328 -0.2785979 -0.2463894 -0.09888423
-0.4016409 1.769163 -0.6910726 0.3517246 0.3598331 0.1370762 0.7060083 -0.06134332
0.03864096 -0.07727808 -0.5569418 -0.365103 -0.2067715 -0.7392411 1.333788 -0.03400774
0.3555002 0.01761707 -0.7770766 1.202807 -1.890329 0.7485944 0.5737838 -1.156052
0.679349 0.4226935 0.6971248 1.649126 1.425345 -1.12947 0.7825728 2.259315
0.1085032 0.3099546 1.142693 0.382848 0.08909874 -0.2501049 0.05593089 -0.4999625
0.3890692 -0.3608573 1.263592 -1.356897 1.953488 -0.3871074 -0.5533546 -0.1606975
-0.8141525 0.1387189 -1.371316 -0.3043596 -0.959856 -0.7063398 1.423600 -0.2304675
0.4218007 -0.7509688 0.950009 -1.533572 0.6895044 -1.540438 1.258348 0.8704554
-0.6640871 0.1209037 -1.837465 -1.329311 0.6667572 0.004411068 -0.09731887 0.2534023
10.13776 0.03965782 0.092482 -0.9736956 0.4781164 2.610465 1.577287 0.5662909
9.7768 -1.773536 -0.7270539 -1.430283 -0.5146598 0.2675822 1.622276 2.363224
10.57753 0.1093355 -1.810433 -0.776642 -1.240352 -0.1290374 -0.6696575 0.3505667
8.359068 1.600482 -0.6403831 1.070145 0.01973085 0.2891669 0.7296286 0.4374991
9.723495 -0.6418807 -0.744703 -0.8176649 0.906671 -0.08996009 -1.329472 -0.8218589
12.34913 -0.3010355 0.1847589 -0.03242077 1.662454 0.8632436 -1.969384 -0.7550815
10.11714 0.6415391 -1.445695 -0.3326594 0.6331827 -0.5530633 -0.4503473 0.412666
11.23026 0.2916231 -0.9339505 0.5004198 -0.8972424 0.573339 -0.4220260 0.09863457
10.17092 -0.8577534 -0.7199691 0.01765939 -0.1880351 -0.3852852 0.5870875 -0.9442252
10.40342 -1.000678 1.180512 0.6136283 0.365932 -1.085373 1.806831 -0.7579991
9.787504 -0.2402722 1.196244 -0.1067288 -0.4620064 -1.691430 -0.688294 0.6160499
10.58265 0.5147064 -0.3472185 0.7433464 0.5868012 -0.2371045 0.5847623 -0.3041379
8.908032 -0.1899696 0.5559742 -1.513019 -1.651187 1.400204 -0.552118 0.623654
9.49894 0.2024308 -0.2026886 1.361114 -2.361086 0.4037043 -2.375006 0.6818455
10.14542 -0.1514992 0.7262567 -0.2927121 0.4744864 -0.2358291 0.6983993 0.200904
12.48920 0.6204788 -0.4545852 -1.023906 -1.528761 0.1062522 0.3512058 0.7675467
12.05097 0.4589032 0.2990726 -1.040438 -0.7064355 -0.8848835 -0.8925524 0.2310485
9.879566 -0.06588015 0.2414947 -0.6499671 -0.6688703 0.9587176 -0.4620771 0.9136495
8.397984 -0.9318605 -0.7292624 -0.8263863 -1.165607 -1.121742 -0.05193971 0.6285655
8.92764 -0.7182159 -0.7453408 -0.9141756 0.4551144 0.2630218 0.6796577 -0.1598377
9.725827 -1.845387 0.871344 1.216103 -0.6427117 0.6975386 -0.08244694 -1.190368
9.25588 0.1556371 -1.286620 0.0004270157 0.05897658 -0.002399945 -1.099489 -0.2892279
10.64461 0.2717949 -0.3212931 0.320192 -0.5789155 -0.5805022 -0.8299448 0.8021175
9.450743 -1.362731 0.1365983 1.065423 -1.028656 -0.5058434 0.8010876 0.6452228
11.23347 2.089377 -0.3824377 -0.1565159 0.7415203 -0.1781086 -0.6437749 1.395831
10.06162 1.058274 -1.029145 -0.7632668 0.1733630 -1.047498 -1.021109 -2.585768
10.08892 0.2112881 0.4140003 2.287804 -0.3707951 -0.2997738 -0.4634834 -0.8525093
9.189897 0.2292130 0.1770495 -0.3528085 -1.075656 -0.6659809 1.658724 -0.2064606
9.485676 -0.03184495 -0.4842974 -0.7047384 0.5805527 1.659177 1.295928 -0.6695871
9.861703 -0.5715244 0.2436315 1.773634 -0.2906033 0.6853987 -1.188048 0.3302738
10.52824 -1.437010 -0.2114442 0.408498 -0.8999565 0.8350307 -0.04999718 -0.2179144
10.28213 -1.462423 -1.534326 -0.7107595 1.195371 0.4253096 1.946247 0.2337345
10.65988 -1.305605 0.7805359 1.653030 -0.06702863 0.2064199 -0.7237405 -1.73325
8.265796 -0.2470423 0.3538906 2.218092 0.09297731 -0.9734447 0.8641855 0.01594736
10.98179 -1.235142 -0.2369698 -0.02285033 1.159560 -1.111516 -0.7518618 0.1434162
10.06357 -1.091288 -0.7109825 -1.411395 -1.180356 -0.03603241 1.220393 1.242027
10.36205 0.5949682 1.638887 -1.484187 -0.05863471 0.7187867 0.514442 1.992572
11.03309 -0.3447766 0.4713735 1.053395 -0.7905327 0.1753528 0.8399364 0.6027344
9.008663 0.2734689 0.6597843 1.319166 -0.5036451 1.051882 -0.6742931 0.329486
9.23969 -1.254994 1.564003 0.7759502 0.7465044 -0.9094385 -0.6514784 0.878163
8.778052 0.5264227 -0.71305 -0.3362055 1.009136 0.451785 0.8267777 -0.08805327
8.298355 -1.381871 0.6766189 0.2608109 -0.6120114 0.1910477 -0.4553918 0.7892249
9.867515 0.767447 -0.8772425 -0.4341277 -0.3399957 1.099861 0.2513457 -0.3504191
10.54995 1.005766 -0.849641 1.137897 0.2030789 0.4184191 1.702210 -0.590458
9.060799 0.05016645 -1.272156 -0.3835366 -0.03015066 0.2162875 0.5903578 0.04090821
10.68343 0.2988915 -0.5059336 0.3622803 0.2768430 -0.7019233 0.1293823 1.397052
9.205612 -1.085696 0.1080212 0.4918592 -0.5368403 -1.174269 0.1020024 1.314256
9.459483 0.3375128 -0.976311 -0.6478029 1.096484 1.301646 -1.306804 -1.581313
12.10297 -0.9947103 0.6179478 0.3283419 0.746117 0.942277 0.4661582 -0.09810374
10.46761 0.931346 -0.5401366 -0.2847537 -2.302698 -1.739409 0.1562379 -0.2322195
10.13272 -0.3490263 -0.6074046 -1.015345 -0.3096747 -0.2924471 -0.2064585 -0.696245
9.256018 2.016546 -0.5351597 -0.5719393 -0.1882354 0.6625809 0.751386 0.1739967
10.98689 0.2914309 0.1427506 -0.6116638 -1.343685 -0.3884421 -0.7590812 0.2666809
7.905725 0.8113045 -1.201975 0.6009764 -1.028079 -0.1911151 0.1280068 -0.6989523
10.58551 -1.345462 2.528692 -1.840885 -2.489547 -0.3718204 -0.06935449 1.446114
9.580792 0.2704141 0.002066057 0.9249602 2.173960 -0.0373767 0.3926569 0.8175764
11.54162 -0.1804112 0.7426775 0.3864693 -0.7170787 0.6082485 -1.159596 -0.1767932
10.66591 -1.498616 -0.2127163 -0.7568865 1.331877 1.251659 0.6710702 0.4114371
10.17349 -0.1435869 -1.880862 0.1609391 -0.542258 -1.410006 -1.077232 -0.4571655
10.27723 0.4172043 -0.259162 -0.08711837 1.142178 -1.155196 -0.3642897 0.3076959
10.11857 -0.4637455 -1.709332 1.311289 -0.7142974 1.475223 0.07956158 -1.590951
9.873187 0.04995855 1.184783 0.3518825 1.644560 -0.2246892 1.170155 0.2591505
9.921781 0.9656487 -0.3150049 -0.3825654 0.8069146 -0.8942394 -0.6881025 -0.4272235
10.13420 -1.192783 -1.087614 -0.08945174 0.4635427 0.6494106 0.04879539 2.354870
8.387112 0.6431899 -0.4497117 -0.2757763 0.4181078 1.896349 -0.5484329 1.492984
10.97713 -0.2105137 -0.6518844 1.938608 0.5996754 1.015753 -0.2384395 0.4465844
10.85106 1.825696 0.7529994 0.8990558 -0.708678 0.3890014 -0.04821058 -1.265715
7.84504 0.9036683 0.2177699 1.695405 -1.195947 -0.2176743 1.529393 -0.6032364
10.38198 -0.2171183 -0.7703957 -1.766195 -0.5266035 0.5707473 0.1230309 1.677592
10.46350 -0.5124011 0.1190947 -1.427171 -0.1560320 1.540124 1.657271 -1.472582
11.15525 2.062524 -0.8773742 -2.147503 0.2781886 0.8536932 -1.581875 1.579399
8.958528 -0.3371063 2.049266 -0.628925 -3.149026 -1.059987 0.6420633 0.2045138
9.139808 0.3455125 -1.034184 -0.1338116 -1.232627 0.4636048 -0.5352222 1.599508
8.545056 1.057024 -0.2893599 0.6090967 0.3634655 1.721436 -0.9708929 -0.6253035
9.83627 -0.4073365 -0.2944067 -2.223826 -0.9548432 -0.1146042 0.2282187 0.1401103
9.531623 0.3537443 -1.882887 0.4726642 -0.5861656 -0.690763 -0.909422 0.5460075
10.59915 -0.3838134 1.314905 1.170223 0.1356020 -1.314410 -1.443163 0.3000798
10.35967 -1.242292 -0.1939843 -1.365912 0.3725892 0.2369245 -0.001253508 0.4407669
9.746169 0.003084664 0.08084767 0.2310101 0.3062363 -1.190376 -0.1438062 -1.213806
10.64415 -0.3466555 0.5976031 -1.508534 -0.871354 -0.8919626 -0.2666729 1.140328
8.58676 1.562519 -0.2561886 -0.270732 -0.7246954 -0.0983537 0.3809035 0.3169149
11.50474 0.6299904 -0.3702585 -0.5396205 -0.1349684 0.1764645 0.1469759 0.1922353
10.84363 0.414241 -1.000565 0.4660345 0.9834049 -0.6403094 0.964495 -0.7574917
9.833895 0.9131836 -0.3152318 0.1491588 0.01621623 -0.8660205 -0.1295702 -1.064291
9.274315 -0.9817974 0.9879737 -1.642758 1.23476 -0.891215 1.484513 -1.40304
9.873075 1.188727 -1.313970 0.9250525 0.5264054 -1.064074 1.266021 -0.6374605
10.81330 1.278968 0.2544388 -0.1535188 0.7310505 2.026681 -0.462489 0.01524843
9.158343 0.02956600 -0.208109 0.1021357 -0.2220101 -0.9413587 -0.262613 0.7861102
11.57334 -0.1618065 -2.377659 -0.4606045 0.8816447 -1.876849 -0.4954739 -0.5357876
9.816403 0.6581049 -0.4641164 -1.049919 -2.383777 -0.8446795 -0.02533681 1.637718
9.114298 1.637829 0.3278398 -0.6768373 0.6502797 -0.2118697 0.05421219 -2.754041
11.51706 -1.123395 -0.4472035 -1.501667 -0.4282031 1.545394 0.415877 0.1523750
11.27054 0.02422157 0.2726495 0.7207438 1.042016 0.02995153 -1.350637 0.3667663
10.51839 0.5858415 0.7423468 -1.928212 0.8210919 -1.323428 -2.395160 -1.047323
10.55922 0.9207278 1.006069 -1.509674 0.8752998 -0.7587034 -0.7651164 0.6314559
10.36001 -2.077369 -1.640722 0.03924876 0.7903037 -0.1341891 0.6522204 0.8733027
10.50628 1.759952 -0.3877931 -1.975770 -0.6124397 1.671221 -1.028154 -0.8289741
9.325727 0.3724821 -1.254258 -1.642007 -1.418609 -0.6046479 2.013773 0.9181431
9.568036 -1.052484 -0.1122272 2.012710 -0.94473 0.5597163 0.6703862 0.4453090
10.90925 0.8737191 0.4093202 1.147724 0.888814 0.1481242 -1.382822 1.088101
