200 8

-0.2746163 -0.03844107 -0.9011525 -0.3611296 -0.1139320 0.7815193 -0.985423 0.08150642
0.7651318 0.6453299 -1.086764 1.443352 -2.758718 0.837587 -0.1323925 0.486732
0.1645438 0.5222856 -0.166587 1.191196 0.03520134 -0.08506172 -1.04472 0.9221014
-2.095673 0.5245865 0.445796 0.3580132 -1.4888 1.356028 -0.9124607 0.4389141
-1.133776 0.3390474 1.098218 -0.6736925 -0.9521629 -0.1679420 -0.7702376 -1.207337
1.270224 -0.3021449 -0.1364381 -0.4456086 1.037803 -1.640178 1.183888 -0.6322788
0.529944 1.106489 -1.370657 -1.401937 -1.669541 -0.3314654 -1.162604 0.1187815
0.9993276 -0.1279467 0.2823625 -0.6533731 -0.8062065 1.146623 -1.513114 0.2607124
0.05562808 0.1566006 0.1522970 -0.7407643 0.9050707 -0.6397281 -0.6540648 1.229008
-1.062867 1.349716 0.899696 -0.2790690 -1.049523 -1.226294 1.319277 -0.3395696
1.112273 -0.7498065 1.442712 -0.580616 -1.878552 0.02112353 -0.9717183 0.5518139
-0.958341 -0.549237 0.4728703 0.2042118 2.322845 -2.140469 0.8309411 -0.3348065
-0.9483276 2.012622 0.2208264 -1.066948 1.034463 -0.6239476 1.878377 -1.248609
0.2265767 -0.337199 0.09477968 0.6312095 -0.3990507 -0.4416384 0.06653487 1.025057
1.098483 -0.410578 -1.540811 -0.6227062 0.9145453 -0.6643008 -0.4232726 1.063590
1.407481 -0.01062176 0.3035982 -1.334478 0.1471548 0.3323147 0.001886051 0.2110831
-0.5287686 -0.5034901 -0.1743089 0.3216294 -0.2064549 -0.8878055 -0.05705921 2.030528
-0.6356421 -0.07667936 -0.08251665 0.8992348 -0.8598617 -0.2375716 -0.02935230 -0.1152043
0.3565787 -0.06838578 -1.281953 1.56408 -0.2806181 -0.3375887 1.167486 -0.2140577
0.7650718 -1.352419 -0.9536988 0.1555171 -0.05443592 0.2489036 -0.831527 0.003089973
0.857795 0.9725756 -0.5907011 -0.6751826 -2.736887 -1.161054 0.1043442 0.6473492
0.2474118 0.2968853 3.904006 0.2206321 -0.09044765 0.7232888 -1.098612 -0.7990821
1.719327 -2.086437 0.1284812 1.476709 0.9839032 1.217425 -0.723454 0.2801692
-1.616819 1.277796 -1.611748 0.8495133 1.948167 -0.009663758 -0.02365713 0.6821305
-0.7990903 0.8865773 0.6635957 -0.1517104 -1.580124 0.4880153 -0.9165145 -0.5706883
-0.7207897 -0.4781046 -0.7553508 0.07784842 -0.2181774 0.8588706 1.35352 0.5269746
0.4681909 -0.3016382 0.3770074 -1.261762 -1.512026 2.069355 -3.027692 1.016123
-1.338067 1.123030 -1.639701 -0.2818695 0.5419534 -2.005803 -0.8997818 -0.1275911
0.3927246 -1.489601 -0.9698496 -0.01131087 -0.8768577 0.6890608 0.1922860 0.718402
-0.5433748 0.4279037 -0.6421679 -1.228880 -0.6467358 0.7454547 -0.9004685 -1.525409
0.03844121 0.2012972 0.02245441 0.9040234 -0.7968468 1.742241 -0.03504689 -0.721995
0.9356785 0.3301289 -1.063513 0.6807791 1.027299 -0.6623575 0.3079015 -1.694412
0.7906007 -0.2109749 0.5568686 0.9765798 0.7510416 -1.015405 -1.166195 -0.4802768
-0.6557064 2.015435 -1.6746 -0.3484793 0.2853352 0.9445786 -2.414368 0.7192996
-0.09186939 -0.9182208 -0.4977757 -1.008913 0.4900092 -0.9163898 -0.2231115 -0.6328622
1.339083 0.3059183 -0.368256 1.160822 0.6010063 0.9704103 0.767629 -2.086709
0.2212973 0.1277121 0.914282 -1.968016 0.3460530 0.4623891 -0.4116293 -0.5706371
1.217248 -0.02553805 -0.0770464 -1.216623 1.290257 -0.979888 -0.3960307 -1.805558
-2.273227 0.1297069 0.2989163 1.022196 0.0484306 -1.448817 -0.1540306 -0.9923751
-1.629436 1.185226 0.5483854 0.927045 -0.06129326 0.608532 -0.663585 -0.980248
-0.6804603 1.389681 -0.05552154 1.358547 1.192178 1.198969 0.5589411 -0.3019251
-0.2059550 1.241657 2.249796 0.08335485 0.2115614 -1.769312 2.063198 0.624237
-0.1945753 1.559355 0.1444486 0.9975504 -0.7107016 -0.1968629 0.1999332 -0.003950184
0.08559738 0.0604201 -1.149498 1.652418 -1.392937 0.8085462 -0.01657427 0.257039
-0.2600362 -0.2293070 0.7569471 0.2486547 0.5590441 -0.3903737 0.8113143 0.5188669
0.2981921 0.2277443 0.7641074 1.326638 0.5486567 -0.8007181 0.684967 1.613692
-0.2580237 0.3678259 -2.872131 -0.4759322 -0.8151807 -1.656598 -0.6115015 0.2093226
-0.6920453 -0.3124392 0.7974926 -0.2223599 0.3880143 0.1302616 -0.8289792 1.442060
0.1405802 1.598698 -0.3678463 -0.5209414 0.7252046 -0.3243433 0.1204990 0.1581081
1.349462 -0.1001941 -0.5174743 -0.2128576 -0.680486 2.455411 -0.4553665 0.2754242
-0.02321242 -1.06629 -0.8934546 0.5672565 0.1365864 0.8912725 0.1908295 -0.3208324
0.8321654 0.02409749 0.7480526 -0.6551946 -0.1810349 -1.524533 -1.181493 0.3025858
-0.2506037 -0.3381868 0.009686882 -0.6760826 -1.064273 -0.4450913 -1.271864 0.468695
0.2199600 1.5413 -0.6216248 0.1810873 0.9125227 0.5825452 0.06652915 1.259314
-0.4918469 -0.002767159 -1.140815 -0.4362912 -1.793635 -0.5095248 0.5266604 -0.1264022
-0.2191594 1.035494 0.6281954 0.9096783 0.9716716 -1.883773 -0.9509592 -0.2362434
0.8855324 0.4577426 1.856713 -0.2617151 0.7953511 -0.502528 -0.1603266 0.2014131
-1.991149 2.231089 1.149838 -0.4478645 -0.6027546 -0.4799579 0.616704 -0.3996546
-1.503558 -0.5603497 1.438246 -0.8239483 -1.798809 0.1880758 0.4030896 0.6777591
-1.370661 -0.4607194 -0.3211348 0.0790129 -1.194890 -0.4948986 0.07126706 0.1285090
-0.2131476 -1.352980 -0.4731964 -0.2529839 -0.2527687 -1.256257 1.655055 0.829328
-2.675434 0.4861085 -1.310767 0.06745926 0.257886 2.012922 -1.150261 0.1853541
-0.1571762 1.845127 -1.149517 -0.1391540 0.7103006 -0.2817005 1.013767 -0.1807185
0.06371515 -0.1368740 -0.5261848 0.602786 0.3668497 1.668186 0.4447405 0.6531333
2.114264 -1.220127 -0.6051006 -1.434708 -0.368969 0.9344535 0.04511529 -0.7218917
-0.03092276 1.110760 0.3474171 0.1312057 1.208638 2.184989 0.1696839 -0.1802536
0.2575008 -0.991035 -1.483554 -0.4554031 0.8411821 2.434779 0.7624356 -0.7586707
-0.4695415 -0.6498704 0.2347373 -0.08325884 -1.942888 -1.699078 -0.331316 0.6753226
0.4277447 1.225485 0.02157978 0.7270725 2.529466 -1.653920 -0.1757528 -0.8759548
-0.3233637 1.298625 -2.059687 0.326364 -0.01159055 0.9608711 -1.639939 -1.410861
-2.035438 1.153233 -0.879483 -0.8185692 -0.4982329 1.298658 -0.706857 -0.2704404
-0.9449287 -0.2891563 -1.081103 0.01864644 -0.738813 -0.07672134 0.3748821 1.666381
-0.7799156 0.1638741 -0.1423254 -0.9724814 -1.383940 0.721346 1.498949 -0.1263752
-0.3247045 -0.1518458 -0.5964749 0.5441155 -0.5973464 -1.298430 -1.032676 -0.3076410
1.413770 0.1794464 -0.8143097 -0.3464773 0.8732502 -0.4874318 -0.8354232 -0.7174096
0.01992462 0.4832781 -1.689908 0.005752764 -0.8969063 0.5328725 0.325636 0.1091766
1.103093 -0.716856 -0.4107781 -0.1605545 0.05688915 0.9166996 0.4645656 1.435378
-0.926115 1.810776 -0.4161791 1.373154 -2.511374 2.560294 1.509949 0.8552872
1.602443 -0.7264986 -2.248276 -0.3928312 0.7117106 -1.619947 -1.105947 -0.6815813
-0.8730488 1.183043 0.08240403 -0.4105401 -1.943137 -1.245307 -1.675494 -1.023452
-0.4512333 -1.200722 0.0875095 -1.204363 0.1345304 0.5602429 -0.5096909 0.4379502
-0.5469837 -2.621161 2.070768 0.5925101 -0.6291728 0.7007126 1.058653 -0.4104616
0.5258171 -0.4928165 -1.062086 -1.049574 -0.3212095 -0.2153392 -2.041205 0.8324508
0.3846691 0.008750325 1.707672 0.09928588 0.1613177 0.9954683 0.4009795 -1.132777
0.8184968 2.064959 -0.02058191 -0.03673843 0.3431394 0.8322971 1.132609 -0.3481483
0.749037 0.7475279 0.5433296 -0.2961734 -0.2267184 1.129267 0.7412464 0.5940455
-2.140482 -0.9638885 0.5933783 0.8101184 -1.851962 1.181170 -0.792626 -0.7461657
-0.6556134 1.649231 -0.454987 0.8961243 -3.250616 1.076288 0.5164663 -0.1876149
0.6781487 -0.3253952 -1.299329 -1.262506 0.4016197 -0.7235669 -0.8466536 -0.2495249
0.867121 -0.564544 0.3636661 1.747571 0.9511065 -0.4731465 0.7103783 -0.1812322
-0.811932 0.3703627 -1.027363 -1.098509 0.2529518 0.2064170 -2.378412 -1.111711
-0.9431426 1.567986 0.6934585 0.04336537 -1.366883 -0.1576578 -0.1079446 0.09175197
0.8969438 0.3478844 1.320533 1.595978 0.9849337 0.1602546 -0.2547941 -0.2435668
-0.2139186 -1.099088 0.9804136 0.8518343 -0.3459663 -1.047185 -0.814542 0.3716514
-0.442087 -0.7034116 -0.2156502 0.8518448 -1.260219 -0.6999641 -0.8321093 0.3575874
0.08217183 0.361597 0.7851639 -0.9249093 -0.1469396 0.7357112 1.198106 -1.325059
-2.266056 1.437385 0.6386667 -0.5487362 -0.3713088 0.7800388 1.244564 0.805972
-1.557747 0.8751178 -0.2251250 0.8585946 0.07320798 0.5531426 0.6131234 0.4594611
0.2613083 -0.204148 -1.142992 2.268186 0.7187784 0.03740598 -0.2820354 0.3888839
-0.4761141 -1.284690 0.7633813 0.5411998 0.563965 -0.2624211 1.747846 0.3560871
1.043174 0.4952501 -0.3652991 0.4638068 0.3881294 0.3552159 0.2105557 0.03620535
0.5748384 -0.05179868 0.3418595 -0.6796992 -0.3175613 1.078436 -0.8824946 0.1108122
-1.248062 -1.245399 -0.7450144 -0.9908543 -0.358791 -1.499542 -0.5420027 1.334437
-0.7161277 -0.04165617 1.424000 -0.5228857 -1.893292 -0.9322108 -1.247140 0.2693398
-0.7181033 0.7838885 0.7367659 -1.033744 0.3181938 -0.3838841 -0.4092557 0.8461259
0.4312056 0.4809712 2.324617 -1.597646 0.4834185 -0.1252019 1.533808 -0.809595
1.689807 -0.5374741 2.329641 -0.2432415 -1.554764 -2.052512 0.9904557 -0.9731195
0.6903517 -0.07574739 -0.7710789 1.301525 1.270274 -0.2326383 0.3396754 1.111053
-1.472115 -1.280275 -0.03696663 -0.6074213 2.334769 -0.3252388 0.8190895 -0.7459475
-0.5120143 -1.160179 -0.1071838 -1.562545 0.6053876 -1.277071 1.930713 0.9203343
-1.444459 -0.6434364 -0.061513 -1.944706 0.5520208 0.1876430 0.2745382 -0.1767077
-0.4587170 -1.129193 -0.02108533 -1.509869 0.1816267 0.3216990 0.05300705 -0.3103789
0.1252858 -0.5718497 -0.4544332 -0.5584711 -0.9141843 -0.8707373 0.8362325 -0.1308817
-0.1869931 0.139248 -0.6653297 0.08205954 -1.302145 -0.2133558 -0.758138 -2.618052
1.253185 0.1903310 0.4884386 -1.010555 -0.3970004 -0.2686217 0.2679787 -0.9303996
0.8355307 -0.3422453 0.7156031 -0.1918209 -0.2707585 0.1601225 -0.6277091 -1.232793
-0.05281802 0.1600060 -1.91252 -0.425583 0.6238738 1.793811 -0.3949216 0.4986773
0.7834392 -1.051462 -1.381342 -0.2746363 1.063500 0.9592344 -1.221880 0.661801
0.3809662 0.7058618 0.4616552 1.343129 -0.3990372 -1.472655 -1.115775 0.4262296
0.2117102 -0.6409423 -0.4766289 -0.1925380 -0.6305079 -0.04862179 -2.289786 0.7889202
-0.4270287 -0.1852878 1.682932 -0.7040082 1.101047 -0.5579229 1.468248 -0.1473946
-0.5438046 0.9799589 -0.09796714 1.387784 -2.209868 -0.2815846 0.25887 1.147705
0.98024 1.076570 -0.8626578 -0.4406549 -1.551664 -0.8998077 0.557663 -2.532129
-1.602329 -0.2893969 -0.462659 -0.3143670 -1.566724 -1.021242 -0.5169013 1.686014
-0.7132576 0.8293391 -0.9456099 0.3514523 -0.8403344 -0.4145864 2.194114 0.6469874
-0.02308797 0.4970824 0.9396582 -0.794642 -1.281687 0.1163840 0.6322727 0.2561722
-0.5417853 -1.078287 0.1059390 -0.6045723 0.9155782 -0.3961793 0.345271 -0.4367205
-0.1883879 0.3984400 -0.6035951 -0.1914678 0.4054983 1.232576 0.9077282 -0.6277574
0.196217 -0.3552096 -0.2373581 0.4460281 -0.5759093 -1.261146 -0.3129103 0.3839561
-1.386322 -0.05159548 -0.842291 1.025695 1.495487 1.722072 -0.8691518 -0.3502023
-1.105949 -0.8473492 0.3912282 0.2881516 0.6422071 1.84427 -0.07966837 -0.1546828
-0.9209773 -0.4933591 -0.6981852 -0.5682096 -0.03585848 0.2810523 1.070557 0.5552362
0.3539481 0.03218438 1.145958 -0.5014784 0.4910021 0.3342895 -0.3318554 -0.8466764
1.677236 -0.2082941 0.3317023 0.2805236 -2.154548 1.659886 1.065477 1.370756
1.814939 -1.120747 1.990324 -0.4828488 1.449924 -1.194777 -2.514856 1.209112
0.02788481 -0.2704359 1.739116 0.7915611 -0.08456177 0.9390569 -0.5605585 0.8659558
0.4609831 -1.287984 0.4295271 1.760313 -1.102753 0.769458 0.3477092 1.608595
-0.6683828 -0.8196425 -1.127271 -0.3819950 0.6282973 0.05831858 -1.900949 0.4141649
-0.1332745 -1.277419 1.391802 -1.131844 -0.05048674 0.3619666 -1.606252 2.460317
1.553275 -2.452485 1.226298 -0.2290895 -1.260214 -0.6272913 0.4483965 2.685527
-0.6784164 -2.230365 -0.4422391 0.7922846 -0.3082071 -0.7985715 -1.197643 1.608800
-0.573906 0.8312197 -2.002898 0.08362634 -0.5223716 -0.2838866 -0.60685 -1.328874
-1.145452 -1.779123 -1.375653 0.5287818 1.429833 0.431503 -1.400996 0.6284351
1.148984 -0.6995957 0.1492565 1.324156 -0.3819034 0.04019851 0.2080347 -1.085233
1.236325 0.5069867 -0.2005069 0.4189907 0.008033498 0.6314694 -0.9172971 -0.9038636
0.3426849 -0.03772677 -1.888587 -1.657770 0.288803 0.001132068 -1.865905 -1.689849
1.596805 0.3687094 -0.1116471 1.995188 -1.446664 -1.695283 0.3071785 -0.1964826
1.50745 0.6071484 -2.558614 -1.457534 0.3222099 -1.306070 -0.5264632 -0.9079854
1.251465 -0.4917671 -1.493549 -0.1357983 -0.9734686 0.6030271 1.327013 -1.045891
-1.661667 -0.2565991 0.6094418 -0.2902250 -0.5381325 -0.2136089 -0.718416 -0.9815928
1.336191 -1.179442 0.9872292 -0.2591779 -0.8890467 -0.2517902 0.996569 0.8342594
-1.045472 -0.2196626 -0.8050964 -0.6983832 0.4904155 -0.3073775 0.07101926 -0.3465042
0.05774748 0.5008298 0.5424173 0.3044805 0.03635821 1.329100 1.893426 1.267948
1.049199 0.133572 1.615869 -1.140359 -0.03342567 -0.392002 -1.445595 -0.04497385
1.152887 0.5305508 -1.051275 2.005873 -0.8254668 1.360252 -1.570233 1.403952
0.04141672 -0.226216 0.7428842 -0.03017231 0.3928203 -1.065700 0.2231436 -0.6881038
0.2411416 1.849686 0.3863804 1.138010 1.795133 -0.142749 0.564177 0.5485487
0.2249828 0.6475965 0.5760737 1.523974 0.3217077 -0.1075854 -1.835424 -0.08409201
1.925734 -1.135003 1.556028 -2.914771 0.8018145 0.1040306 0.07718243 0.6681635
0.551307 -0.8580619 -0.897903 -0.06179751 0.9184943 -2.363067 -0.4393772 1.472209
-0.5018136 0.8132672 1.010383 2.013266 0.09330917 0.4224446 0.3594724 -1.586786
-1.609645 1.00652 -0.1222858 -0.922984 1.416938 -0.7274196 1.211772 -0.494324
-0.4775237 -0.6030198 -1.296028 -0.495849 -1.757782 -2.256940 0.993971 1.190186
0.8837934 0.3222694 -1.143173 0.210685 -1.146402 -0.08214807 0.1224328 1.307629
-0.3219888 -0.8926034 -0.1025226 1.370954 0.1030378 0.3593302 -0.5611258 -0.6303628
0.0824033 0.4339211 0.1975586 1.025214 0.9117096 -0.4967219 1.065022 -0.610417
-1.157972 1.098578 -1.040336 1.286121 -1.897994 -0.7857426 0.6277993 1.425783
-1.183916 0.5270657 -1.588914 -0.6230721 -0.7836984 -0.6595318 0.9390141 0.3375918
1.076026 -0.7633168 -1.920234 -0.2025684 -0.1603801 0.448704 -1.048000 1.343172
-1.5298 -1.358177 -0.08194243 0.5750741 -1.144988 0.5955833 1.378758 -1.395501
1.503311 -2.106881 1.154578 0.2211773 -0.7633066 -0.8900038 -0.839123 1.412200
-0.7333423 -0.2150590 0.4645222 0.6465423 0.08805572 -0.5171364 0.9949115 -0.8031663
0.5435458 -0.1385629 -1.856126 0.2175518 1.493563 0.259134 -0.2222700 0.01750828
-2.635659 0.6231388 -0.9392043 0.235566 -0.1888342 1.433873 -1.567211 0.003014507
-0.0710768 0.6780352 0.3897387 -0.02897399 1.900891 -0.5993141 0.9807719 1.205677
0.4216608 0.9888897 0.08589282 1.132436 0.4505601 -0.938496 -0.1171971 2.540884
1.385419 0.1788449 -0.7240652 -1.180994 0.6121727 1.313096 -0.01670587 -0.3804756
-0.5980528 0.2729832 -0.1110345 0.5247588 0.5349491 1.035266 0.09507415 0.2228765
-0.3592892 -0.8315573 -0.1869066 0.2228873 -0.7978169 1.267609 1.537284 1.251711
0.6327517 -1.345036 -1.021253 -1.106652 -1.472253 1.040560 -0.9604543 -1.81763
0.8579116 0.01379608 -1.750705 0.1385758 0.5706232 -0.4041672 -0.7203309 -0.4128713
0.3258149 -2.423238 -0.9157929 0.4778586 0.4664837 -0.5140756 2.494717 0.1687501
0.4376485 1.915104 -0.59041 0.3629783 -0.1955194 0.2316065 1.242747 -0.5654288
-1.305278 0.4557338 -0.5729149 0.2965 -1.010289 0.3602042 2.037399 0.732718
-0.03243295 -1.151778 -1.041931 -0.4246842 -0.5877372 -0.236169 1.367664 1.122485
-0.3015913 0.4969204 -0.09691483 -0.5221649 -0.035894 -0.3089533 -0.4592078 -0.1960778
-1.445788 0.275959 0.1134719 0.8209183 0.2319682 -0.1705424 -0.01981263 -0.7456557
1.094925 1.283579 -1.343443 -0.1788095 1.238119 0.8032247 0.2313591 1.730884
1.142444 -0.8291447 0.2865079 0.3024045 -1.439244 1.127226 1.109767 1.256537
0.1793762 0.7753127 -1.625699 0.8001877 0.8008215 0.2759572 -0.9108389 1.112908
10.66666 0.3648563 -0.6447585 -0.5407416 -0.04535945 -0.8546117 -1.033181 0.07269844
7.893661 0.6800909 0.3500911 0.7829704 -2.008231 -1.722858 -0.1639755 -0.679419
8.382218 -0.08957847 0.07288652 -1.284321 -1.835257 -1.158022 -1.774761 -1.260983
10.27971 -1.356052 0.1966349 -1.311372 0.7128814 0.7738142 -0.1498474 -0.1446565
9.174212 -0.3972194 0.1461705 -0.5931017 1.096035 0.2171565 -0.9112394 0.8811094
10.66634 0.8445124 -0.7053787 -3.564059 -0.8493125 -0.1924862 0.1431457 1.366730
10.21964 -0.3088648 -0.5728912 -0.6466522 0.2909438 0.1787301 1.046618 0.1721118
9.465103 -0.3149337 -0.3486326 0.410445 0.3037594 -0.9204647 -0.3620371 -0.8141954
11.03923 -1.843132 2.014613 1.385623 -0.9959556 -0.06000957 -1.825469 -0.5419859
9.914692 -1.218831 -1.185631 -1.077147 -0.4541992 0.1025668 -0.5159143 0.009643322
