74 6

191.00      131.00       53.00      150.00       15.00      104.00
185.00      134.00       50.00      147.00       13.00      105.00
200.00      137.00       52.00      144.00       14.00      102.00
173.00      127.00       50.00      144.00       16.00       97.00
171.00      118.00       49.00      153.00       13.00      106.00
160.00      118.00       47.00      140.00       15.00       99.00
188.00      134.00       54.00      151.00       14.00       98.00
186.00      129.00       51.00      143.00       14.00      110.00
174.00      131.00       52.00      144.00       14.00      116.00
163.00      115.00       47.00      142.00       15.00       95.00
190.00      143.00       52.00      141.00       13.00       99.00
174.00      131.00       50.00      150.00       15.00      105.00
201.00      130.00       51.00      148.00       13.00      110.00
190.00      133.00       53.00      154.00       15.00      106.00
182.00      130.00       51.00      147.00       14.00      105.00
184.00      131.00       51.00      137.00       14.00       95.00
177.00      127.00       49.00      134.00       15.00      105.00
178.00      126.00       53.00      157.00       14.00      116.00
210.00      140.00       54.00      149.00       13.00      107.00
182.00      121.00       51.00      147.00       13.00      111.00
186.00      136.00       56.00      148.00       14.00      111.00
158.00      141.00       58.00      145.00        8.00      107.00
146.00      119.00       51.00      140.00       11.00      111.00
151.00      130.00       51.00      140.00       11.00      113.00
122.00      113.00       45.00      131.00       10.00      102.00
138.00      121.00       53.00      139.00       11.00      106.00
132.00      115.00       49.00      139.00       10.00       98.00
131.00      127.00       51.00      136.00       12.00      107.00
135.00      123.00       50.00      129.00       11.00      107.00
125.00      119.00       51.00      140.00       10.00      110.00
130.00      120.00       48.00      137.00        9.00      106.00
130.00      131.00       51.00      141.00       11.00      108.00
138.00      127.00       52.00      138.00        9.00      101.00
130.00      116.00       52.00      143.00        9.00      111.00
143.00      123.00       54.00      142.00       11.00       95.00
154.00      135.00       56.00      144.00       10.00      123.00
147.00      132.00       54.00      138.00       10.00      102.00
141.00      131.00       51.00      140.00       10.00      106.00
131.00      116.00       47.00      130.00        9.00      102.00
144.00      121.00       53.00      137.00       11.00      104.00
137.00      146.00       53.00      137.00       10.00      113.00
143.00      119.00       53.00      136.00        9.00      105.00
135.00      127.00       52.00      140.00       10.00      108.00
186.00      107.00       49.00      120.00       14.00       84.00
211.00      122.00       49.00      123.00       16.00       95.00
201.00      114.00       47.00      130.00       14.00       74.00
242.00      131.00       54.00      131.00       16.00       90.00
184.00      108.00       43.00      116.00       16.00       75.00
211.00      118.00       51.00      122.00       15.00       90.00
217.00      122.00       49.00      127.00       15.00       73.00
223.00      127.00       51.00      132.00       16.00       84.00
208.00      125.00       50.00      125.00       14.00       88.00
199.00      124.00       46.00      119.00       13.00       78.00
211.00      129.00       49.00      122.00       13.00       83.00
218.00      126.00       49.00      120.00       15.00       85.00
203.00      122.00       49.00      119.00       14.00       73.00
192.00      116.00       49.00      123.00       15.00       90.00
195.00      123.00       47.00      125.00       15.00       77.00
211.00      122.00       48.00      125.00       14.00       73.00
187.00      123.00       47.00      129.00       14.00       75.00
192.00      109.00       46.00      130.00       13.00       90.00
223.00      124.00       53.00      129.00       13.00       82.00
188.00      114.00       48.00      122.00       12.00       74.00
216.00      120.00       50.00      129.00       15.00       86.00
185.00      114.00       46.00      124.00       15.00       92.00
178.00      119.00       47.00      120.00       13.00       78.00
187.00      111.00       49.00      119.00       16.00       66.00
187.00      112.00       49.00      119.00       14.00       55.00
201.00      130.00       54.00      133.00       13.00       84.00
187.00      120.00       47.00      121.00       15.00       86.00
210.00      119.00       50.00      128.00       14.00       68.00
196.00      114.00       51.00      129.00       14.00       86.00
195.00      110.00       49.00      124.00       13.00       89.00
187.00      124.00       49.00      129.00       14.00       88.00
